255000000000
205000255000
700200635550
700600011577
721200223110
720200004010
720340001000
254000000006
720040000013
345540000006
602540777777
000000000013
254000000006
000020:
710600000060
710740000010
254000000021
710440000026
710740000010
254000000024
000027:
254000000021
000100:
700200635550
721200203410
721700002000
254000000102
721700000004
254000000101
721200221410
720200003410
201140005214
200040000360
265240000334
367140000112
201200001102
200040000361
265240000334
200040000362
265240000334
505040007000
265240000334
541040777000
265240000334
201140000175
505040777000
265240000334
367140000127
541040777077
265240000334
505040777077
265240000334
541040707007
265240000334
200040000363
265240000334
367200000115
200040000364
201140005214
265240000334
367140000144
721200202510
721700002000
254000000147
721700000004
254000000146
721200233510
720200003410
201140001101
201200000001
201040000000
306200000001
200040000003
306200000002
254000000322
306200000203
254000000330
306200000003
201040000077
306200000204
254000000345
265240000334
367200000157
201200000204
365140000157
721700000040
254000000176
721200223210
720200004010
720340001000
254000000202
720040000001
302040000075
254000000245
721200220710
720200003410
205140777600
200043000253
265240000334
253140000212
205140777400
200043037400
265240000334
253140000216
205140777722
265200000247
200040000365
265240000334
205140777771
265200000247
201040173674
265240000334
205040660000
265240000334
205140777671
265200000247
211040000001
265240000334
721700000040
254000000237
721200003000
721700002000
254000000242
254000000101
721200220210
254000000201
201040000000
265240000334
253140000250
254004000000
414740000041
426740037175
505740254377
541740037176
426740000041
505740200737
541740037175
426740037176
505740202737
541740000041
426740037177
505740205737
541740777377
426740037200
505740721177
541740220307
426740037201
505740720337
541740000777
426740037202
505740253777
541740037202
426740037203
505740720056
541740037377
426740037204
505740253737
541740037202
426740037205
505740200777
541740000000
426740037206
505740211477
541740000000
426740037207
505740253777
541740037725
426740037210
700600014277
200040000366
306140000075
525040577777
305140000075
541040220107
254000000172
200040000367
305140000073
541040223107
254000000172
721700000006
254000000342
720340001000
254000000334
720140000001
254005000000
712140000356
721200001000
254200000100
200100000003
241100777775
245040000003
241100777772
245040000003
241100777772
245040000003
241100777772
245040000033
451040000007
254000000172
707707707707
070707070770
077070007000
700707070707
070070070070
757367573674
721200233107
721200230107
037400:
402000037777
700200635550
265300037471
201200037746
403100037176
250104000001
253100037406
201202777777
326200037404
403600000000
211500000001
205040400000
250140000001
205040400000
205240020600
306600000046
254000037735
721200000000
134100037777
326100037430
712340000040
254000037424
712040000002
265300037473
465100000177
342100037400
340100000007
345100037516
271100000135
321100037521
322100037414
603240770000
136100000005
254000037422
303600000055
267600037462
721200000000
321600037451
542200037447
322600037402
254000037402
563000033777
254000034000
201200037176
402000000040
200140037750
306600000064
200220033777
606600000003
251144777777
265640037601
265300037624
316340000004
254000037462
322140037402
322500037751
334300037663
334100037527
334100037432
336000037777
712140000002
712300000020
254000037475
325106000000
201100000012
254000037473
616105000001
344240037502
265300037471
306005740524
254000037402
201705740604
242700777777
135100037752
200056037254
137040037753
265300037745
267100037742
607040004040
135600000005
326600037706
342100037437
200540037754
205400777750
340400037574
336010037176
332010037177
604000000015
542400037536
316150037176
312050037177
253400037524
321400037541
323500037470
201400037536
332010037177
254000037470
336000000012
403040000003
202150037176
202050037177
201410000001
242400777777
323500037552
412510037254
436510037303
403440000005
602500000004
254000037453
200100037755
201340037747
336002000000
253100037557
202100000004
336002000000
332002000001
253100037562
274200000002
271202000000
202207000000
200340000002
321100037557
200340037756
201200037747
265300037624
255000000007
200204000000
325200037621
334640037524
316200037756
661440400000
265300037624
200340000004
325440037601
325200037442
325600037614
564300000004
270300000004
273320033777
540200000006
241340000001
265300037624
270344000000
253200037614
254015000000
321500037402
265300037624
624500037447
367240037647
354000000011
137040000013
134100000013
306100000037
254000037466
661112777777
302402000000
326100037625
137400000013
322500037626
200140037377
721700000040
254000037640
721340200000
660140002000
477000000002
721203220200
720200004010
721700000006
254000037470
720340001000
254000037647
325112037703
560140037377
720040000001
275051000000
325000037663
322040037667
321040037644
664140002000
340040037400
341040037643
660140010000
344000037645
331000000012
660140000400
721203220300
331000000012
720200003410
201240000200
344100037647
720040000016
312726000000
254000037470
254000037705
720066000000
254000037705
720166000000
254006000000
201100000044
265300037473
302600000053
306600000044
343500037711
306600000047
254020037447
306600000051
211500000005
303600000031
254000037413
242040000003
246000000003
326040037721
303000000007
267200037442
242000000003
202000037377
201440000100
265300037637
340102037177
367240037647
254000037402
541240037176
205100770000
616240037414
254000037502
607240770000
265300037745
201300037736
134100000005
201102000040
254000037473
037750:
000040000041
344500037730
000116037303
010100000002
000500037254
740623000020
254000000001
