255000000000
205000255000
700200635550
700600011577
721200223110
720200004010
720340001000
254000000006
720040000013
345540000006
602540777777
700600014300
254000000006
000017:
254000777726
710600000060
710740000010
254000000021
710440000026
710740000010
254000000024
254200000000
254000000021
710740000010
254000000030
254014000000
710440000016
316640000016
324000000001
254200000000
000000020000
000041:
264000000076
334000000000
334000000000
334000000000
334000000000
334000000000
334000000000
334000000000
334000000000
334000000000
334000000000
334000000000
334000000000
334000000000
334000000000
334000000000
264000000346
000076:
340000777773
254220000076
712200000010
200000000106
202000000041
200000000107
202000000077
254000000110
264000000076
254220000076
700040000013
606540000001
264000000163
602540000020
254000000124
200000000154
202000000157
400500000000
200300000727
254000000551
372000000157
254000000120
700040000013
602540000040
254000000136
200000000155
202000000157
400500000000
200300000311
254000000202
372000000157
254000000132
700040000013
602540000100
254000000150
200000000156
202000000157
400500000000
200300001300
254000001211
372000000157
254000000144
700040000013
325540000113
254200000153
254000000113
000000002000
000000001000
000000001000
000000000425
352665377214
763254735125
451472012477
040000000113
200000000160
202000002540
200000000161
202000002541
200000000162
202000002542
254020000163
700040000000
606000000002
270300001301
316300000310
254000000134
606000000001
264000000401
402000001302
603300002000
254000000207
603300001000
665500001000
621500001000
200340002540
200400002541
200440002542
541300000011
603500001000
540300002542
255740000217
256000000006
255400000222
625500400000
661500400000
202340002600
202400002601
202440002602
606500000004
254000000234
700040000000
602000000010
254000000210
620500000004
200640002540
200740002542
403600000013
403200000016
603500001000
550740002542
607300010000
254000000314
402000002200
205600733000
201000000256
542000002176
641300014000
643300014000
254000000312
200700002541
321640002064
254000002043
200100000006
245040000011
405040000017
254021000431
200000000012
430000001302
335000000000
264000001266
700040000000
606500000004
254000000173
647500200000
254000000300
602000000010
254000000210
620500000004
621500200000
254000000173
602000000004
254000000275
264000002333
200040002442
264000001646
264000002333
264000000350
254000000234
240340000011
220340000011
321640002027
254000002033
200000000015
404000000017
202000000347
205600734000
200040000346
264000002317
264000001656
406640000347
335000000347
476000001302
607300014000
321640000342
200040000345
264000002317
603300014000
254000000256
332000000015
476000001302
200740000016
200040000344
264000002317
254000000256
450640000000
254000000330
005560642100
556064204115
005560642000
000000000005
040000000307
264000002333
561140777774
200063000376
265240002251
346140000362
264000002333
265240002244
265240002244
265240002244
265240002244
200063000376
265240002226
302140000002
254000000355
200000000350
202000002341
254000002371
000000000006
000000002540
000000002541
000000002542
000000000007
000000000010
000000000011
640000000202
200000002540
430000002541
270000002541
241000777773
202000002540
200000002541
430000002542
270000002542
241000777773
202000002541
200000002542
430000002540
270000002540
241000777773
202000002542
254020000401
312740000011
660500000004
312740000007
660500000004
312400002541
660500000004
254000000262
000000000524
000000000524
000000000533
000000000422
000000000460
000000000460
000000000506
000000000451
000000000460
000000000460
000000000506
000000000451
000000000460
000000000460
000000000506
000000000451
312700000010
660500000004
312640000011
660500000004
312640000007
660500000004
254000000262
312640000007
660500000004
312700000010
660500000004
312440002542
660500000004
254000000262
312640000007
660500000004
312440002542
660500000004
312400002541
660500000004
254000000262
312440002542
660500000004
312340002540
660500000004
312400002541
660500000004
476000001302
254000000262
312640000011
660500000004
312340002540
660500000004
312400002541
660500000004
254000000262
312640000007
660500000004
312640000011
660500000004
312400002541
660500000004
254000000262
312740000007
660500000004
312440002542
660500000004
312400002541
660500000004
254000000262
312740000011
660500000004
312340002540
660500000004
312400002541
660500000004
254000000262
700040000000
606000000002
270300001301
316300000730
254000000122
606000000001
264000000401
402000001302
200140000006
241140000011
405140000007
202140000605
254023000644
541300000011
255740000561
256000000006
255400000564
625500400000
661500400000
202340002600
202400002601
202440002602
606500000004
254000000576
700040000000
602000000010
254000000552
620500000004
621500004000
403200000013
403600000016
200140000605
254023000654
200140000605
254023000664
000000000007
200000000012
430000001302
335000000000
264000001266
700040000000
606500000004
254000000542
647500200000
254000000624
602000000010
254000000552
620500000004
621500200000
254000000542
602000000004
254000000621
264000002333
200040002410
200000000006
541000000011
316000000727
254000000637
200040002420
332000001210
200040002431
264000001646
264000002333
264000000350
254000000576
173400000007
402003004313
402003004233
000000000674
000000000705
000000000716
000000000716
000000000716
000000000716
200140024065
260040003222
000000000677
000000000707
000000000731
000000000732
000000000731
000000000732
164100000502
202103011160
000000000702
000000000713
000000000735
000000000735
000000000744
000000000744
200400002541
540300002542
254000000560
200640002541
550740002542
254000001107
312640000010
660500000004
254000000606
200440002542
254000000557
200740002542
200640000017
661500004000
254000000756
312440000643
660500000004
254000000606
200340002540
200400002541
520440002542
404440000726
202440002542
202440000643
254000000557
133400000011
373700000007
132400000011
140400000011
661500004000
200740002542
551640000011
254000000756
312440000643
660500000004
312640000010
660500000004
312340002540
660500000004
254000000606
312440000643
660500000004
332000001210
254000000753
312340000017
660500000004
254000000606
312400000017
660500000004
254000000606
402000001210
607500004000
254000001002
200640000017
264000001137
200040001170
264000002317
430600000013
264000001145
264000001506
321600000777
205600433000
340640000000
476000001210
200040001171
264000002317
254000000766
641600777000
200040001172
264000002317
607500004000
254000001006
264000001162
400600000000
264000001145
200040001173
264000002317
430600000013
603500004000
250640000017
200040001174
264000002317
603500004000
202740000643
205200077000
241740777775
406740000004
241740000003
641600777000
200040001175
264000002317
316300000725
254000000603
264000001521
264000001156
200600000004
540640000017
200040001176
264000002317
603300002000
200740002541
250640000017
336000001210
200740002540
332000001210
200740002541
200040001177
264000002317
603300002000
254000001063
641600777000
200640000017
200740000016
264000001521
242640777777
200040001200
404640000017
264000002317
254000000603
641600777000
264000001521
264000001152
200000000017
200740000016
436000000016
200040001201
450640000000
264000002317
404640000017
200740000016
200040001202
264000002317
450640000000
200040001203
264000002317
404740000015
200040001204
264000002317
254000000603
514600000017
240600000011
641600777000
200040001205
264000002317
331000000015
645600777000
270600001301
200040001206
264000002317
205540777000
404540000015
264000001506
200000000015
430000000014
337000000000
476000001302
621640377000
200000000014
621000400000
430640000000
200040001207
264000002317
254000000603
040000000763
205540770000
420540000017
241540777775
661540700000
254020001137
040000001007
205540007700
404540000017
241540000003
254020001145
040000001531
242640000001
242700000001
254020001152
040000001531
242700000001
660700000001
254020001156
340000001005
200000000014
242000000003
621640770000
432000000015
254020001162
004350642100
435064244100
004350642500
004350642600
004350642700
435064304200
000041642000
004664264100
544364204100
444364204200
004443642100
004443642200
004443642300
000045642000
004663642000
466364204100
001211:
200340002540
200440002541
400400000000
255740001215
256000000006
255400001220
625500400000
661500400000
202340002600
202400002601
202440002602
606500000004
254000001232
700040000000
602000000010
254000001211
620500000004
402000001302
200640002540
200740002541
403700000013
403200000014
621500100000
200100000006
332000001302
254000001246
245040000006
405040000007
254021001425
200000000012
430000001302
335000000000
264000001266
602500000004
264000002341
602500000004
254000001232
700040000000
606000000002
270300001301
316300001277
254000000146
606000000001
264000001303
254000001211
340000000266
700040000000
602000000004
254020001266
264000002333
200040002535
264000001646
660500000004
254020001271
200340000011
140340000011
001000000000
001303:
340000001265
200000002540
430000002541
270000002541
241000777772
321000001312
665000000400
621000000400
202000002540
200000002541
430000002540
270000002540
241000777772
321000001322
665000000400
621000000400
202000002541
254020001303
250640000017
200040002453
264000002317
264000001537
200000000015
430000000017
331000000000
641600777000
200040002454
264000002317
264000001501
430600000013
264000001474
264000001506
200000000014
430000000015
331000000000
250640000017
200040002455
264000002317
321600001367
270600001301
641600777000
200040002456
264000002317
641600700000
643600700000
254000001365
264000001462
264000001521
244640777777
254000001372
400640000000
254000001364
200040002457
264000002317
254000001356
400600000000
264000001501
200040002460
264000002317
335000000017
641600777000
200040002461
264000002317
430600000013
264000001467
264000001632
264000001544
264000001417
254000001246
312640000011
660500000004
312640000007
660500000004
302400000000
660500000004
254020001417
640000001741
200100000006
245040000011
405040000003
254021001424
000000001435
000000001444
000000001453
000000001410
000000001107
000000001331
000000001325
000000001724
000000001747
312640000007
660500000004
312440002541
660500000004
302400000000
660500000004
254020001417
312640000007
660500000004
312440002541
660500000004
312700000010
660500000004
254020001417
312440000015
660500000004
312340002540
660500000004
302400000000
660500000004
254020001417
740000002022
603640400000
665640777000
621640777000
254020001462
740000002021
603740400000
665740777000
621740777000
254020001467
040000002001
205000777000
404000000015
202000000013
254020001474
640000002010
205000777000
404000000017
202000000013
254020001501
640000002011
200040002462
264000002317
200040002463
430600000013
264000002317
430600000013
270600000013
200040002464
264000002317
254020001506
040000001066
200040002465
264000002317
641600777000
643600777000
334000000000
254000001535
256020001521
270600001301
200040002466
264000002317
254000001524
350000001521
254020001521
040000002074
200040002467
213640000015
264000002317
254020001537
000000001740
244640777777
270600001301
200040002470
264000002317
326640001554
607700200000
254020001544
200040002471
641600777000
264000002317
607640000400
254000001565
525000000377
404000000015
336000000000
254000001576
200000000015
241000000011
430000000015
321000001576
244640000001
270600001301
200040002472
264000002317
254000001557
200040002473
331000000014
476000001302
325640001607
607300004000
254000001610
607700200000
254000001610
607500100000
641600777000
264000002317
603300004000
254000001622
621640377000
200000000014
621000400000
650640000000
200040002474
264000002317
254020001544
607700200000
254000001613
643500100000
254000001613
200040002475
340640000000
264000002317
254000001545
340000001674
200040001644
270640000017
264000002317
254020001632
340000001722
200040001645
274640000017
264000002317
254020001637
000041444400
000063654200
340000001275
202040001655
200041000000
264000002310
200040001655
253040001647
254020001646
777777002537
040000000323
200700000017
200740000015
400640000000
200040001744
264000002317
402000001723
200000000016
650000001723
606000000001
254000001674
602700000001
254000001721
264000001632
641600777000
643600777000
254000001707
200040001745
400600000000
240700777777
603640400000
665700400000
621700400000
264000002317
254020001656
402000001723
602700000001
476000001723
245640777777
241640000001
240640777777
270600001301
200040001746
264000002317
254000001665
264000001637
254000001674
001724:
200040001742
264000002317
476000002177
264000001770
205600744000
264000001656
200040001743
200600000004
264000002317
551000001740
202000001544
254000001551
264000001417
254000001246
004655642000
465564204210
005563642120
005563642510
005563642210
402000002177
402000002200
264000001770
200040002202
205600741000
264000002317
201000001761
542000002176
325640002056
254000002027
200040002203
200600000004
244640777777
264000002317
264000001544
264000001417
254000001246
040000001752
200040002204
205600200000
264000002317
200000002177
430000000015
335000000000
641600777000
264000001474
264000001506
200000002177
430000000015
430000000017
321000002025
641600777000
264000001501
264000001506
200000002177
430000000017
331000000000
641600777000
200040002205
264000002317
250600000004
264000001467
264000001462
200040002206
264000002317
254020001770
270600001301
254000002007
264000001537
476000002200
603300100000
254000002056
200700000017
200740000015
200040002207
264000002317
250700000017
400640000000
200040002223
264000002317
242700000001
620700000001
607640400000
660700000001
200040002225
264000002317
321740002054
264000001637
254000002115
264000001632
254000002115
621700400000
602640000001
661700400000
240640777777
200040002224
254000002050
250740000016
476000002200
200040002210
264000002317
250640000017
200040002211
264000002317
264000001537
200040002212
264000002317
322640002107
250640000017
200040002213
264000002317
250740000016
450640000000
200040002214
264000002317
254000002043
250640000017
200040002215
264000002317
250740000016
264000001537
254000002043
325640000476
245640000001
640700000001
270600001301
200040002216
264000002317
641600777000
643600777000
254000002144
240640777777
603300100000
254000002134
661640400000
602700000001
641640400000
200040002217
264000002317
325640002154
321740002142
264000001632
254000002154
264000001637
254000002154
200000000016
241000777777
430000000017
321000002152
264000001632
254000002116
264000001637
254000002116
332000002200
264000001537
200040002220
250700000017
264000002317
250740000015
400600000000
200040002221
264000002317
200000000016
430000002200
335000000000
264000001537
250700000017
200040002222
264000002317
254000002176
476000001302
254000000256
002200:
777777777777
350000002203
464464214100
464464214210
004660642010
466064214210
004660642310
004463642110
004463642310
004463642410
446364254110
004463642610
004463642710
004463643010
446321244110
446364212610
446321314110
446364222010
446322214100
004463642210
446321204110
446321204210
551100000014
201000000026
245000000003
264000002234
366100002227
254020000005
340000002246
712340000010
254000002235
700040002253
250000002253
606000000004
712140002253
254020002234
201000000240
264000002234
254020000005
271000000240
254000002245
551100000003
254000002227
000000000240
340000002332
561140777775
265240002244
200063002273
265240002226
341140002256
265240002244
200063002273
265240002251
302140000002
254000002261
254020002254
000000000017
000000000015
000000000016
000000000004
000000000014
000000000013
340000002376
561140777775
265240002244
341140002300
561140777775
265240002244
200063002273
265240002226
341140002303
254020002276
340000001652
551100000005
400000000000
245000000006
265240002247
366100002312
254020002310
340000001720
606500000004
254020002317
602500000001
330000000000
700040000000
602000000004
254020002317
264000002333
264000002310
264000002254
254020002317
340000001273
201000000215
264000002234
201000000212
264000002234
254020002333
040000000307
647500200000
254000002352
621500200000
700040000000
602000000010
254000001211
620500000004
254000001256
700040000000
602000000004
254020002341
264000002333
200040002476
264000001646
264000002333
200040000006
551100000003
265240002227
561140777774
265240002244
200063002407
265240002226
343140002365
264000002333
200040002513
264000001646
264000002333
264000002276
264000002333
200040002520
264000001646
264000002333
254020002341
000000002540
000000002541
000000000007
000000000010
000000000011
777771002411
466343000000
255400002413
336000000006
000043734100
437500000000
002417:
707445000000
777770002421
515663640000
004373457500
002424:
000043734100
437500000000
002427:
605751566400
456200000000
777770002432
515663640000
200350010552
305240000000
000043734100
437506437300
457500000000
605751566400
456200000000
777770002443
515663640000
437341437500
002446:
000043734100
430621750000
002451:
437345750700
707445000000
466342642010
004641642015
464164214100
004641642310
004641642420
464164254110
004641642710
006341642015
006341642125
634343627110
006343642010
006343642107
000056454700
005662642020
005662642110
005662642210
005662642310
005662642405
005662642520
777764002477
515663640000
431041431100
002502:
000043104500
110000000000
002505:
414300000000
002507:
000000414300
062100000000
002512:
004345000000
777774002514
435762624500
436400415600
630055420000
416200556100
777764002521
006451554500
005542000000
002524:
000000004100
620000000000
002527:
000055610000
260040004355
262040000004
464500006300
430000444100
644100000000
777776002536
576600464100
515445440000
576163121115
047140656131
362062656027
474000000000
540000000001
641000777777
302001000000
254200002550
700040000005
606240000001
264000000010
602240000002
254000002536
366700002536
254017000001
200717000000
200040000007
400000000000
505001000000
241000777756
302001000000
254200002566
700040000005
606240000001
264000000010
602240000002
254000002560
366700002560
254017000001
200717000000
200040000007
201001000000
705247240353
047140656131
362062656027
700040000005
606240000001
264000000010
602240000002
254000002576
366700002576
254017000001
200717000000
200040000007
474000000000
552040000000
302001000000
254200002620
700040000005
606240000001
264000000010
602240000002
254000002613
366700002613
254017000001
200717000000
200040000007
541040777777
520000000001
312000000001
254200002635
700040000005
606240000001
264000000010
602240000002
254000002630
366700002630
254017000001
200717000000
200040000007
562040000000
641000777777
302001000000
254200002652
700040000005
606240000001
264000000010
602240000002
254000002645
366700002645
254017000001
200717000000
200000000007
531000777777
332000000000
254200002666
700040000005
606240000001
264000000010
602240000002
254000002662
366700002662
254017000001
200717000000
200040000007
200000000007
573000000000
241040000022
240040777756
312000000001
254200002705
700040000005
606240000001
264000000010
602240000002
254000002676
366700002676
254017000001
200717000000
200000000007
400040000000
527040000000
527040000000
450000000000
332000000000
254200002724
336000000001
254200002726
700040000005
606240000001
264000000010
602240000002
254000002715
366700002715
254017000001
200717000000
200000000007
567000000000
567000000000
450000000000
332000000000
254200002744
700040000005
606240000001
264000000010
602240000002
254000002736
366700002736
254017000001
200717000000
200040000007
575041000000
332000000001
254200002760
700040000005
606240000001
264000000010
602240000002
254000002754
366700002754
254017000001
200717000000
200040000007
534000000001
534000000000
602040400000
450000000000
332000000000
254200002777
700040000005
606240000001
264000000010
602240000002
254000002770
366700002770
254017000001
200717000000
200040000007
274040003024
200000000001
253000003013
312000000007
254200003015
700040000005
606240000001
264000000010
602240000002
254000003007
366700003007
254017000001
000001000001
200717000000
200040000007
212040000000
200100000000
450100000000
350000000002
312100000007
254200003035
700040000005
606240000001
264000000010
602240000002
254000003026
366700003026
254017000001
200717000000
200040000007
200000000001
217000000000
325040003053
450040000000
340040003052
312000000001
254200003055
700040000005
606240000001
264000000010
602240000002
254000003045
366700003045
254017000001
200717000000
200040000007
200000000001
272000000001
312000000007
254200003072
274040000007
312040000007
254200003075
700040000005
606240000001
264000000010
602240000002
254000003065
254017000001
200717000000
200040003127
202041000000
340040000000
312040003130
254000003105
200040003126
201100004000
250042000000
255742000000
302142000001
254200003117
250042000000
700040000005
606240000001
350000000002
302100040000
254000003113
254017000001
265140003115
254200004000
254200040000
200717000000
200040003155
201100004000
250042000000
400000000000
255740003137
256002000000
003141:
332000000000
254200003143
200000003140
302000003140
254200003146
250042000000
700040000005
606240000001
350000000002
302100040000
254000003134
254017000001
264000003140
200717000000
200040003204
201100004000
250042000000
474000000000
354000000000
254200003165
205000400000
270000000000
541142000001
505140740000
254020000002
003173:
312140003172
254200003175
250042000000
700040000005
606240000001
350000000002
302100040000
254000003161
254017000001
264000003172
200717000000
201100004000
200040003233
200140000002
250042000000
256020000002
003214:
312100003213
254200003216
554000000003
302000003213
254200003221
550000000003
302000003213
254200003224
250042000000
700040000005
606240000001
350000000002
302100040000
254000003210
254017000001
266140003213
200717000000
201100004000
200040003263
201142000000
250042000001
200202000000
266142000000
312102000000
254200003245
550000000003
302000003243
254200003250
554000000003
302002000000
254200003253
250042000001
202202000000
700040000005
606240000001
350000000002
302100037777
254000003236
254017000001
324000003243
200717000000
201100004000
205042000000
267040003272
254200003271
254200003272
312042000000
254200003274
700040000005
606240000001
340100003277
302100040000
254000003266
254017000001
200717000000
201100037777
700200400000
201042000000
262040000000
312002000000
254200003311
253040003312
302042000000
254200003314
700340200000
254200003316
700040000005
606240000001
370000000002
302100003777
254000003304
254017000001
200717000000
201100004000
700200400000
250142000000
201042777777
261040000003
312142000000
254200003334
202100000004
270200003351
312040000004
254200003340
700300200000
254200003342
202142000000
700040000005
606240000001
350000000002
302100040000
254000003326
254017000001
000001000000
200717000000
201100037777
700200400000
200000003376
201042000000
250002000000
263040003361
254200003362
253040003363
302042000000
254200003365
700340200000
254200003367
250002000000
700040000005
606240000001
370000000002
302100003777
254000003354
254017000001
254000003362
200717000000
201100004000
700200400000
561042777777
260040003405
254200003405
302042000000
254200003407
700340200000
254200003411
550002000000
302000003404
254200003414
700040000005
606240000001
350000000002
302100037777
254000003401
254017000001
200717000000
200000000007
200040000000
245000000374
312000000007
254200003430
312040000007
254200003432
700040000005
606240000001
264000000010
602240000002
254000003423
366700003423
254017000001
200717000000
402000037777
477100004000
200000003453
251000037776
312100037776
254200003450
332000037777
254200003452
334000000000
004000004001
477100037777
402000004000
200000003453
251000037776
332000037776
254200003462
312100037777
254200003464
200040003502
202041000000
253040003465
200000003501
251000037777
200040003502
312041000000
254200003474
253040003472
700040000000
602000000003
254000003442
254017000001
003777003777
744000004000
334000000000
324000003504
264000003506
050000003506
254040003510
264000003511
050000003511
264000003513
050000003513
510100003513
607100010000
324000003516
254040003520
003521:
324000003521
264000003523
050000003523
510100003523
607100010000
324000003526
264000003530
040000003530
510100003530
603100010000
324000003533
254040003535
700340000000
324000003536
264000003540
050000003540
505100010000
541100003544
254120000002
264000003545
010000003545
510100003545
607100010000
324000003550
003552:
324000003552
264000003554
050000003554
551100003557
254120000002
264000003560
000000003560
510100003560
603100010000
324000003563
700040000002
334000000000
324000003566
700200735551
200100003610
202100000042
477100000002
254440003574
261100000002
324000003575
050000003575
264000003600
040000003600
510100003600
603100010000
324000003603
700300020000
324000003605
700200735551
254400003612
264000003576
700600010000
200100003611
202100000042
477100000002
254040003616
261100000002
264000003620
003621:
264000003622
003623:
510100003622
603100010000
324000003625
264000003627
050000003627
700600010000
700200335551
700200735551
700600010000
561000006000
700140000000
200000003650
202000006041
200000003651
202000000041
400000000000
254040000000
003645:
254200003645
050000000001
324000003652
264000003644
264000003646
700200735551
700600012377
200000003667
202000006042
200000003670
202000000042
200040003671
476000000000
254040000001
003664:
254200003664
050000000002
324000003672
264000003663
264000003665
261000000000
700200735551
700600010000
200000003703
202000000041
402000011700
254040003700
324000003700
050000003701
324000003704
264000003701
700200735551
700600012377
205000006000
700140000000
200000003715
202000000042
254040003713
310000400000
324000003714
264000003716
050000003714
700340020000
324000003720
700200735551
700600012377
200000003730
202000000042
254040003726
310000200000
324000003727
264000003731
050000003727
700340020000
324000003733
700200735551
700600012377
200000003743
202000000042
254040003741
310000100000
324000003742
264000003744
050000003742
700340020000
324000003746
700200735551
700600012377
200000003756
202000000042
254040003754
310000040000
324000003755
264000003757
050000003755
700340020000
324000003761
700200735551
700600012377
200000003771
202000000042
254040003767
310000020000
324000003770
264000003772
050000003770
700340020000
324000003774
700200735551
700600012377
200000004004
202000000042
254040004002
310000010000
324000004003
264000004005
050000004003
700340020000
324000004007
700200735551
205000000000
700140000000
700600012377
200000004021
202000000042
254040004017
310000004000
324000004020
264000004022
050000004020
700340020000
324000004024
700200735551
205000004000
700140000000
700600012377
200000004036
202000000042
254040004034
310000006000
324000004035
264000004037
050000004035
700340020000
324000004041
515000777777
700140000000
200000004057
202000000042
700200735551
700600012377
254040004051
310000777777
334000000000
050000004052
700300020000
324000004055
264000004060
264000004053
040000004057
700200735551
700600010000
264000004207
200000004432
251000000057
200000004127
700220004426
700620004427
254120000106
254200000040
254200000041
254200000042
254200000043
254200000044
254200000045
254200000046
254200000047
254200000050
254200000051
254200000052
254200000053
254200000054
254200000055
254200000056
254200000057
004072000040
000400000000
777600000000
000001000002
334000000000
000040000041
700200000000
700040000002
700540000000
700000000000
254000002061
254000002062
265000002107
004130:
255000000000
000000202400
000000000004
777777777777
777777777777
240142777557
544300000003
202312004317
253500004116
263040000000
307617307617
303607303607
307617307617
303607303607
300200300200
710600000060
710740000010
254000000021
710440000026
710740000010
254000000024
254200000000
254000000021
307617307617
307617307617
307617307617
317637317637
317637317637
317637317637
317637317637
000000020000
040000000000
310000000000
334000000000
334000000000
334000000000
334000000000
334000000000
334000000000
334000000000
334000000000
334000000000
334000000000
334000000000
334000000000
334000000000
334000000000
000000004064
700200600000
700300100000
254200004213
551000004215
254120000000
700300100000
254200004217
200000004433
254020000000
700300100000
254200004223
700140004434
200000004435
202000000041
200000004436
254040004230
254120000000
004232:
010000004232
700300100000
254200004235
700200400000
200000004437
254120000000
700340100000
254200004242
700200400000
200000004440
254120000000
551000004247
254020000000
700340100000
254200004251
700200400000
200000004441
254120000000
551000004256
254120000000
700300100000
254200004260
200000004442
254120000000
700200200000
700300100000
254200004265
200000004443
254120000000
700200000000
700340100000
254200004272
200000004444
254120000000
264000004275
004000004275
200000004275
607000004000
254200004301
700200200000
264000004303
040000004303
200000004303
603000004000
254200004307
200000004445
202000000042
200000004446
202000000041
700140004434
700200735551
700200735551
200000004447
254120000000
254040004321
712240000000
004323:
054000004323
254000004327
004326:
254200004326
700200000000
400040000000
200100004450
140040000002
312040004451
254200004335
200000004452
202000000042
205000006000
700140000000
700600010000
700540004434
700200735551
700600012377
254040004346
310000010000
700340020000
324000004350
004352:
050000004347
700200000000
200000004453
202000000041
205000006000
700140000000
254040004361
200000004362
777400000000
324000004363
050000004363
312000000040
254200004367
700600010000
700200735551
200000004454
202000000042
205000006000
700140000000
700600012377
254040004377
462000017777
324000004400
050000004400
700340020000
324000004403
700600010000
700200735551
200000004455
202000000042
400000000000
700140000000
700600012377
254040004414
202000777777
324000004415
050000004415
700300010000
254200004421
700340020000
324000004422
700600010000
700200600000
254020004207
000000022320
004430:
000001004130
270420000000
004130000001
004000004221
777777000000
264000004232
004000004231
004000004240
004000004245
004000004254
004000004262
004000004267
004000004274
264000004325
264000004323
004000004320
233000000002
202400000000
264000004352
264000004364
264000004401
264000004416
202200004526
205200201400
317140000004
624240777777
172200000003
641245000000
202140004527
160140000003
200200004522
140200000003
200100004525
172100000004
140200000003
140200004521
200100004524
172100000004
140200000003
140200004520
200100004523
170100000004
140100004517
160100004527
602240777777
150100004531
334200004526
200100004531
335000000005
213000000002
200240004530
200140004532
263040000000
145000000000
233000000000
176545543401
203660615617
202650373270
201562663021
202732621643
574071125540
600360700773
004531:
201622077325
004533:
455664456260
535451564757
645051566350
464164635051
000000004563
000000005407
000000006032
000000006505
204600000000
204600000000
204740000000
204540000000
204666254020
204666254020
205421753412
204621635544
000000000157
000000000111
000000000121
000000000115
000000000067
000000000044
000000000050
000000000046
270240002111
554140000005
274200002110
500140000004
630140023733
434140000002
202146000000
274240002112
554140000005
274200002115
500140000004
630140023733
434140000002
202146000001
270240002111
554140000005
274200002110
500140000004
630140023733
434140000002
202146000002
274240002112
554140000005
274200002115
500140000004
630140023733
434140000002
202146000003
274240002112
554140000005
274200002115
500140000004
630140023733
434140000002
202146000004
274240002106
554140000005
274200002107
500140000004
630140023733
434140000002
202146000005
274240002112
554140000005
274200002115
500140000004
630140023733
434140000002
202146000006
274240002106
554140000005
274200002107
500140000004
630140023733
434140000002
202146000007
274240002106
554140000005
274200002107
500140000004
630140023733
434140000002
202146000010
274240002106
554140000005
274200002107
500140000004
630140023733
434140000002
202146000011
274240002113
554140000005
270200002114
500140000004
630140023733
434140000002
202146000012
274240002106
554140000005
274200002107
500140000004
630140023733
434140000002
202146000013
274240002113
554140000005
270200002114
500140000004
630140023733
434140000002
202146000014
274240002111
554140000005
270200002110
500140000004
630140023733
434140000002
202146000015
274240002113
554140000005
270200002114
500140000004
630140023733
434140000002
202146000016
261040000005
261040000004
274240002111
554140000005
270200002110
500140000004
630140023733
434140000002
202146000017
274240002111
554140000005
270200002110
500140000004
630140023733
434140000002
202146000020
262040000004
262040000005
274240002106
554140000005
274200002107
500140000004
630140023733
434140000002
202146000021
274240002106
554140000005
274200002107
500140000004
630140023733
434140000002
202146000022
274240002106
554140000005
274200002107
500140000004
630140023733
434140000002
202146000023
274240002106
554140000005
274200002107
500140000004
630140023733
434140000002
202146000024
270240002111
554140000005
274200002110
500140000004
630140023733
434140000002
202146000025
270240002111
554140000005
274200002110
500140000004
630140023733
434140000002
202146000026
270240002106
554140000005
270200002107
500140000004
630140023733
434140000002
202146000027
270240002106
554140000005
270200002107
500140000004
630140023733
434140000002
202146000030
270240002113
554140000005
274200002114
500140000004
630140023733
434140000002
202146000031
274240002112
554140000005
274200002115
500140000004
630140023733
434140000002
202146000032
274240002106
554140000005
274200002107
500140000004
630140023733
434140000002
202146000033
274240002106
554140000005
274200002107
500140000004
630140023733
434140000002
202146000034
274240002106
554140000005
274200002107
500140000004
630140023733
434140000002
202146000035
274240002106
554140000005
274200002107
500140000004
630140023733
434140000002
202146000036
274240002106
554140000005
274200002107
500140000004
630140023733
434140000002
202146000037
274240002106
554140000005
274200002107
500140000004
630140023733
434140000002
202146000040
274240002106
554140000005
274200002107
500140000004
630140023733
434140000002
202146000041
274240002106
554140000005
274200002107
500140000004
630140023733
434140000002
202146000042
274240002106
554140000005
274200002107
500140000004
630140023733
434140000002
202146000043
274240002106
554140000005
274200002107
500140000004
630140023733
434140000002
202146000044
274240002106
554140000005
274200002107
500140000004
630140023733
434140000002
202146000045
274240002106
554140000005
274200002107
500140000004
630140023733
434140000002
202146000046
270240002112
554140000005
270200002115
500140000004
630140023733
434140000002
202146000047
274240002113
554140000005
270200002114
500140000004
630140023733
434140000002
202146000050
270240002106
554140000005
270200002107
500140000004
630140023733
434140000002
202146000051
270240002106
554140000005
270200002107
500140000004
630140023733
434140000002
202146000052
270240002106
554140000005
270200002107
500140000004
630140023733
434140000002
202146000053
270240002106
554140000005
270200002107
500140000004
630140023733
434140000002
202146000054
270240002106
554140000005
270200002107
500140000004
630140023733
434140000002
202146000055
270240002106
554140000005
270200002107
500140000004
630140023733
434140000002
202146000056
270240002106
554140000005
270200002107
500140000004
630140023733
434140000002
202146000057
270240002106
554140000005
270200002107
500140000004
630140023733
434140000002
202146000060
270240002112
554140000005
270200002115
500140000004
630140023733
434140000002
202146000061
274240002111
554140000005
270200002110
500140000004
630140023733
434140000002
202146000062
274240002113
554140000005
270200002114
500140000004
630140023733
434140000002
202146000063
274240002106
554140000005
274200002107
500140000004
630140023733
434140000002
202146000064
274240002106
554140000005
274200002107
500140000004
630140023733
434140000002
202146000065
274240002113
554140000005
270200002114
500140000004
630140023733
434140000002
202146000066
332000002102
263040000000
476000002102
213000002111
213000002110
200340002112
250340002113
202340002112
210340002114
250340002115
212340002114
200200002105
200240002104
270300002103
254000004563
270240002111
554140000005
274200002110
500140000004
630140023733
434140000002
202146000000
270240002111
554140000005
274200002110
500140000004
630140023733
434140000002
202146000001
274240002112
554140000005
274200002115
500140000004
630140023733
434140000002
202146000002
274240002106
554140000005
274200002107
500140000004
630140023733
434140000002
202146000003
274240002113
554140000005
270200002114
500140000004
630140023733
434140000002
202146000004
274240002113
554140000005
270200002114
500140000004
630140023733
434140000002
202146000005
274240002113
554140000005
270200002114
500140000004
630140023733
434140000002
202146000006
274240002106
554140000005
274200002107
500140000004
630140023733
434140000002
202146000007
274240002106
554140000005
274200002107
500140000004
630140023733
434140000002
202146000010
274240002106
554140000005
274200002107
500140000004
630140023733
434140000002
202146000011
274240002106
554140000005
274200002107
500140000004
630140023733
434140000002
202146000012
274240002106
554140000005
274200002107
500140000004
630140023733
434140000002
202146000013
274240002106
554140000005
274200002107
500140000004
630140023733
434140000002
202146000014
274240002113
554140000005
270200002114
500140000004
630140023733
434140000002
202146000015
274240002106
554140000005
274200002107
500140000004
630140023733
434140000002
202146000016
274240002106
554140000005
274200002107
500140000004
630140023733
434140000002
202146000017
270240002111
554140000005
274200002110
500140000004
630140023733
434140000002
202146000020
270240002111
554140000005
274200002110
500140000004
630140023733
434140000002
202146000021
274240002112
554140000005
274200002115
500140000004
630140023733
434140000002
202146000022
274240002112
554140000005
274200002115
500140000004
630140023733
434140000002
202146000023
274240002112
554140000005
274200002115
500140000004
630140023733
434140000002
202146000024
274240002112
554140000005
274200002115
500140000004
630140023733
434140000002
202146000025
261040000005
261040000004
270240002106
554140000005
270200002107
500140000004
630140023733
434140000002
202146000026
262040000004
262040000005
274240002106
554140000005
274200002107
500140000004
630140023733
434140000002
202146000027
274240002106
554140000005
274200002107
500140000004
630140023733
434140000002
202146000030
274240002106
554140000005
274200002107
500140000004
630140023733
434140000002
202146000031
261040000005
261040000004
274240002106
554140000005
274200002107
500140000004
630140023733
434140000002
202146000032
274240002106
554140000005
274200002107
500140000004
630140023733
434140000002
202146000033
262040000004
262040000005
274240002111
554140000005
270200002110
500140000004
630140023733
434140000002
202146000034
270240002112
554140000005
270200002115
500140000004
630140023733
434140000002
202146000035
270240002112
554140000005
270200002115
500140000004
630140023733
434140000002
202146000036
274240002111
554140000005
270200002110
500140000004
630140023733
434140000002
202146000037
274240002111
554140000005
270200002110
500140000004
630140023733
434140000002
202146000040
274240002106
554140000005
274200002107
500140000004
630140023733
434140000002
202146000041
274240002111
554140000005
270200002110
500140000004
630140023733
434140000002
202146000042
274240002111
554140000005
270200002110
500140000004
630140023733
434140000002
202146000043
332000002102
263040000000
476000002102
213000002111
213000002110
200340002112
250340002113
202340002112
210340002114
250340002115
212340002114
200200002105
200240002104
270300002103
254000005407
274240002106
554140000005
274200002107
500140000004
630140023733
434140000002
202146000000
264000003644
264000003663
274200002107
500140000004
630140023733
434140000002
202146000001
274240002106
554140000005
274200002107
500140000004
630140023733
434140000002
202146000002
274240002106
554140000005
274200002107
500140000004
630140023733
434140000002
202146000003
274240002112
554140000005
274200002115
500140000004
630140023733
434140000002
202146000004
274240002106
554140000005
274200002107
500140000004
630140023733
434140000002
202146000005
274240002106
554140000005
274200002107
500140000004
630140023733
434140000002
202146000006
274240002106
554140000005
274200002107
500140000004
630140023733
434140000002
202146000007
274240002106
554140000005
274200002107
500140000004
630140023733
434140000002
202146000010
274240002106
554140000005
274200002107
500140000004
630140023733
434140000002
202146000011
274240002106
554140000005
274200002107
500140000004
630140023733
434140000002
202146000012
274240002106
554140000005
274200002107
500140000004
630140023733
434140000002
202146000013
274240002106
554140000005
274200002107
500140000004
630140023733
434140000002
202146000014
274240002106
554140000005
274200002107
500140000004
630140023733
434140000002
202146000015
274240002106
554140000005
274200002107
500140000004
630140023733
434140000002
202146000016
274240002106
554140000005
274200002107
500140000004
630140023733
434140000002
202146000017
274240002106
554140000005
274200002107
500140000004
630140023733
434140000002
202146000020
274240002106
554140000005
274200002107
500140000004
630140023733
434140000002
202146000021
274240002106
554140000005
274200002107
500140000004
630140023733
434140000002
202146000022
274240002106
554140000005
274200002107
500140000004
630140023733
434140000002
202146000023
274240002106
554140000005
274200002107
500140000004
630140023733
434140000002
202146000024
274240002106
554140000005
274200002107
500140000004
630140023733
434140000002
202146000025
261040000005
261040000004
274240002112
554140000005
274200002115
500140000004
630140023733
434140000002
202146000026
274240002112
554140000005
274200002115
500140000004
630140023733
434140000002
202146000027
274240002106
554140000005
274200002107
500140000004
630140023733
434140000002
202146000030
274240002106
554140000005
274200002107
500140000004
630140023733
434140000002
202146000031
274240002106
554140000005
274200002107
500140000004
630140023733
434140000002
202146000032
274240002106
554140000005
274200002107
500140000004
630140023733
434140000002
202146000033
274240002106
554140000005
274200002107
500140000004
630140023733
434140000002
202146000034
274240002106
554140000005
274200002107
500140000004
630140023733
434140000002
202146000035
274240002111
554140000005
270200002110
500140000004
630140023733
434140000002
202146000036
262040000004
262040000005
274240002106
554140000005
274200002107
500140000004
630140023733
434140000002
202146000037
274240002106
554140000005
274200002107
500140000004
630140023733
434140000002
202146000040
274240002106
554140000005
274200002107
500140000004
630140023733
434140000002
202146000041
274240002106
554140000005
274200002107
500140000004
630140023733
434140000002
202146000042
274240002106
554140000005
274200002107
500140000004
630140023733
434140000002
202146000043
274240002106
554140000005
274200002107
500140000004
630140023733
434140000002
202146000044
274240002106
554140000005
274200002107
500140000004
630140023733
434140000002
202146000045
274240002106
554140000005
274200002107
500140000004
630140023733
434140000002
202146000046
274240002111
554140000005
270200002110
500140000004
630140023733
434140000002
202146000047
332000002102
263040000000
476000002102
213000002111
213000002110
200340002112
250340002113
202340002112
210340002114
250340002115
212340002114
200200002105
200240002104
270300002103
254000006032
274240002106
554140000005
274200002107
500140000004
630140023733
434140000002
202146000000
274240002106
554140000005
274200002107
500140000004
630140023733
434140000002
202146000001
274240002112
554140000005
274200002115
500140000004
630140023733
434140000002
202146000002
274240002106
554140000005
274200002107
500140000004
630140023733
434140000002
202146000003
274240002106
554140000005
274200002107
500140000004
630140023733
434140000002
202146000004
274240002112
554140000005
274200002115
500140000004
630140023733
434140000002
202146000005
274240002106
554140000005
274200002107
500140000004
630140023733
434140000002
202146000006
274240002106
554140000005
274200002107
500140000004
630140023733
434140000002
202146000007
274240002112
554140000005
274200002115
500140000004
630140023733
434140000002
202146000010
274240002106
554140000005
274200002107
500140000004
630140023733
434140000002
202146000011
274240002106
554140000005
274200002107
500140000004
630140023733
434140000002
202146000012
274240002106
554140000005
274200002107
500140000004
630140023733
434140000002
202146000013
274240002106
554140000005
274200002107
500140000004
630140023733
434140000002
202146000014
274240002106
554140000005
274200002107
500140000004
630140023733
434140000002
202146000015
261040000005
261040000004
274240002112
554140000005
274200002115
500140000004
630140023733
434140000002
202146000016
274240002106
554140000005
274200002107
500140000004
630140023733
434140000002
202146000017
274240002112
554140000005
274200002115
500140000004
630140023733
434140000002
202146000020
274240002106
554140000005
274200002107
500140000004
630140023733
434140000002
202146000021
274240002112
554140000005
274200002115
500140000004
630140023733
434140000002
202146000022
274240002106
554140000005
274200002107
500140000004
630140023733
434140000002
202146000023
274240002106
554140000005
274200002107
500140000004
630140023733
434140000002
202146000024
274240002106
554140000005
274200002107
500140000004
630140023733
434140000002
202146000025
274240002106
554140000005
274200002107
500140000004
630140023733
434140000002
202146000026
274240002106
554140000005
274200002107
500140000004
630140023733
434140000002
202146000027
262040000004
262040000005
274240002106
554140000005
274200002107
500140000004
630140023733
434140000002
202146000030
274240002106
554140000005
274200002107
500140000004
630140023733
434140000002
202146000031
274240002113
554140000005
270200002114
500140000004
630140023733
434140000002
202146000032
274240002106
554140000005
274200002107
500140000004
630140023733
434140000002
202146000033
274240002106
554140000005
274200002107
500140000004
630140023733
434140000002
202146000034
274240002106
554140000005
274200002107
500140000004
630140023733
434140000002
202146000035
274240002106
554140000005
274200002107
500140000004
630140023733
434140000002
202146000036
261040000005
261040000004
274240002112
554140000005
274200002115
500140000004
630140023733
434140000002
202146000037
274240002112
554140000005
274200002115
500140000004
630140023733
434140000002
202146000040
274240002112
554140000005
274200002115
500140000004
630140023733
434140000002
202146000041
262040000004
262040000005
274240002113
554140000005
270200002114
500140000004
630140023733
434140000002
202146000042
274240002106
554140000005
274200002107
500140000004
630140023733
434140000002
202146000043
274240002106
554140000005
274200002107
500140000004
630140023733
434140000002
202146000044
274240002111
554140000005
270200002110
500140000004
630140023733
434140000002
202146000045
332000002102
263040000000
476000002102
213000002111
213000002110
200340002112
250340002113
202340002112
210340002114
250340002115
212340002114
200200002105
200240002104
270300002103
254000006505
000000020014
220663023002
220664023001
220664023000
220665023000
220666023000
220667023000
220670023000
220671023000
220671023001
220672023001
220673023002
220674023002
220674023003
220674023004
220674023005
220674023006
220673023007
220675023005
220676023006
220677023006
220700023007
220700023006
220701023005
220700023004
220677023004
220676023003
220677023003
220700023003
220701023003
220702023004
220703023004
220704023005
220705023005
220706023005
220707023006
220710023006
220710023006
220711023007
220712023007
220711023010
220712023011
220711023010
220710023010
220707023007
220706023007
220705023007
220704023006
220703023006
220702023005
220701023006
220701023007
220701023010
220702023010
220703023010
220704023011
220662023004
220662023005
220662023005
220662023006
220663023007
220664023010
220664023011
220665023011
220666023011
220667023012
220670023011
220670023012
220671023011
220672023011
220673023010
220673023007
220674023006
220674023011
220675023011
220676023011
220676023012
220676023013
220676023014
220675023013
220674023013
220673023013
220673023014
220674023014
220675023015
220676023015
220677023016
220700023016
220701023016
220702023017
220703023017
220704023020
220704023020
220705023020
220706023021
220706023020
220707023017
220706023017
220705023017
220704023016
220703023016
220702023015
220701023015
220700023015
220677023014
220677023013
220700023012
220700023012
220701023012
220702023013
220703023012
000000020014
221143022777
221144022777
221144023000
221143023001
221143023002
221142023002
221141023002
221140023003
221140023004
221140023005
221137023006
221137023007
221136023010
221135023010
221135023011
221135023012
221136023012
221136023013
221137023014
221137023015
221140023016
221140023017
221140023016
221137023017
221137023020
221137023021
221136023022
221136023023
221136023021
221135023020
221135023017
221134023017
221133023016
221133023017
221132023017
221131023016
221141022776
221140022776
221137022776
221137022777
221137023000
221137023001
221140023002
221137023003
221137023004
221136023005
221136023005
221136023006
221135023007
221136023010
221135023011
221135023012
221134023012
221133023011
221132023012
221131023012
221130023012
221127023013
221130023012
221127023014
221126023015
221126023016
221126023016
221125023017
221127023016
221130023016
221131023015
221132023016
221133023016
221132023017
221133023017
221134023020
007504:
000000020014
220234023721
220234023721
220233023722
220232023723
220232023724
220231023724
220230023725
220230023725
220227023726
220226023727
220225023727
220224023730
220223023730
220223023731
220222023732
220221023732
220220023733
220217023733
220217023734
220216023734
220215023735
220214023736
220214023737
220214023740
220213023740
220212023741
220212023741
220211023742
220210023743
220207023743
220207023742
220213023736
220213023737
220212023737
220211023740
220210023741
220207023741
220207023742
220206023742
220205023742
220234023721
220234023721
220233023722
220232023723
220231023722
220230023723
220227023724
220227023724
220226023725
220225023725
220224023726
220223023727
220223023727
220222023730
220221023730
220220023731
220217023732
220217023732
220216023733
220215023733
220214023734
220213023735
220212023734
220211023734
220211023735
220210023735
220207023736
220206023737
220205023737
220205023740
220205023741
220213023735
220212023736
220211023736
220210023737
220207023740
220207023740
220206023741
220205023741
220206023742
007663:
000000020014
220437022233
220436022234
220436022235
220435022235
220434022236
220434022237
220433022237
220432022240
220432022241
220431022241
220430022242
220427022242
220427022243
220426022243
220425022244
220424022244
220424022245
220423022246
220423022247
220422022247
220421022250
220420022250
220417022251
220417022251
220425022243
220424022244
220423022244
220422022244
220421022245
220420022245
220417022245
220417022246
220417022247
220416022250
220416022245
220416022246
220415022246
220414022245
220437022233
220436022234
220436022234
220435022234
220434022235
220433022234
220432022235
220431022235
220430022235
220427022235
220426022236
220425022236
220425022237
220424022237
220423022237
220422022237
220421022237
220420022240
220417022237
220416022240
220415022240
220414022241
220413022241
220413022242
220423022240
220422022240
220422022241
220421022242
220420022242
220417022243
220416022243
220415022243
220414022242
220413022242
220416022244
220415022244
220414022245
220414022246
010042:
000000007146
000000007325
000000007504
000000007663
010047:
000000000001
000000000002
000000000003
000000004563
000000005407
000000006032
000000006505
777621007145
777667007324
777657007503
777663007662
204600000000
204600000000
204740000000
204540000000
204666254020
204666254020
205421753412
204621635544
000000000067
000000000044
000000000050
000000000046
400000002126
400004002603
000004002620
000004002620
000000003233
000000003233
000000003233
000023002244
000023002244
000004002620
000004002620
000023002244
000043002244
000063002244
000103002244
000023002244
000043002244
010120:
000103002244
000063002244
000043002244
000043002244
000043002244
000023002244
000043002244
010160:
212403734655
212405016636
211411234012
202430544054
212400000000
211651000000
212453000000
212636052356
211421743553
203745751655
212767117225
210602332641
211504517743
210553501565
212410021234
212576130003
212407430726
212445753754
212673764230
212646277711
212652551245
207736641301
212533466115
211405257503
211472714042
212677253713
211625355110
210465220205
212762150771
212645043330
212651042527
207506672663
211705023573
212431504474
212760642576
210520767547
212411511563
210731032504
010242:
211675624302
212456550730
211707034055
212413335015
212462000000
211715000000
211716000000
212401124437
211545551050
212634171416
210507010037
212604634560
212775430212
212523211151
211611527535
212463565310
212656431353
211713013274
211434317760
210476251331
212752134017
212504026073
212750433513
211730502021
212524214651
212562054443
212470003463
212730430634
212444526443
212770567355
212647124620
212437176513
210502437270
207516025423
212457265265
206610312764
211647403264
212753434375
010324:
000000000001
000000000132
000000000033
000000000024
010333:
000000000037
000000000055
000000000005
000000000006
000000000112
000000000004
000000000004
000000000004
000000000022
000000000022
777777777777
000000000022
000000000040
000000000056
000000000074
000000000112
000000000130
000000000130
000000000103
777777777777
777777777777
777777777777
000000000117
777777777777
777777777777
777777777777
777777777777
000000000070
000000000056
777777777777
777777777777
010406:
000000000132
000000000132
000000000132
000000000132
010415:
000000000017
000000000017
000000000017
000000000017
000000000017
000000000017
000000000017
000000000017
000000000017
000000000017
000000000017
000000000017
000000000017
000000000017
000000000017
000000000017
000000000017
000000000017
000000000017
000000000017
000000000017
000000000017
000000000017
000000000017
000000000017
000000000017
000000000017
000000000017
000000000017
000000000017
000000000017
010470:
200417315547
010472:
203454324451
576132151523
010477:
203400264275
204621270106
200522154035
204417572346
573342152627
577324126570
204577720055
204667342275
574002242443
573223654163
010512:
204410000620
576033320374
202760561311
204554663754
202731210344
573274024172
573321103027
204442572765
574202141327
577137207256
200444523226
204547123725
203771723012
203670177046
574010617355
201754015106
204665523771
203563150050
574115774544
203765243455
010552:
203542505623
010554:
203433014605
202637534753
010561:
573336623005
202441420033
573246527702
574004276107
204556450703
204601075650
574340704650
202542277774
574163500076
200564720670
010574:
204536366556
204645135566
573200751217
576161461473
203744125432
203476247722
201447531475
202720313041
573312353155
573333504147
576053012536
204542436645
573310021756
573304332321
573355127571
204541611370
575313557514
573335012245
574111513275
204515074062
010635:
777777777777
010655:
777777777777
010716:
201400000000
201400000000
201600000000
201600000000
010725:
200400000000
200400000000
200400000000
200400000000
200400000000
200400000000
200400000000
200400000000
200400000000
200400000000
200400000000
200400000000
200400000000
200400000000
200400000000
200400000000
200400000000
200400000000
200400000000
200400000000
201400000000
201400000000
200400000000
200400000000
200400000000
200400000000
200400000000
200400000000
200400000000
200400000000
200400000000
011000:
000000000020
000000000020
000000000020
000000000020
011062:
777777777777
000000000010
777777777777
777777777777
011150:
571357463226
571356000056
571342631526
571341314673
000000000015
000000000015
000000000021
000000000022
203424102456
202535470117
202432361625
202407052225
600163204023
577052372140
577317677221
600043013437
577047773122
177630332377
200633706224
200705040665
000000000157
000000000011
000000000101
000000000110
000000000060
000000000060
000000000060
000000000060
000000000001
000000000001
011214:
000000001144
000000000715
000000000716
000000001000
000000000651
000000001126
212462000000
211715000000
211716000000
212400000000
211651000000
212453000000
011233:
000000020017
221002023474
220545022421
020000020000
020000020000
221411022301
221773022504
221246022265
220611023020
221147023374
221535023017
020000020000
220434023567
220237023514
221724023525
221210022167
221721023267
220730022405
221250022472
020000020000
020000020000
020000020000
020000020000
020000020000
020000020000
020000020000
020000020000
020000020000
020000020000
020000020000
020000020000
020000020000
020000020000
020000020000
020000020000
020000020000
020000020000
020000020000
020000020000
020000020000
020000020000
020000020000
020000020000
020000020000
000000003000
777724011232
000000020015
011313:
773000011315
773000016315
773000016315
000000020015
221135103012
305410005610
203405103605
307006007206
003606303406
304202004002
107617207417
305210005010
105403205603
200602100402
100200200000
202206102006
101016201216
202201102001
006010306210
100001200201
004404304604
304217004017
102400202600
000401300601
301414401614
000000020015
220707022411
220715022374
220700022402
220721022401
220700022411
220667022370
220706022404
220703022407
220704022414
220717022400
220704022400
220702022365
220720022422
220675022375
220663022404
220672022403
220672022400
220676022411
220704022402
220716022403
220715022412
220702022416
220676022414
220704022401
220705022365
220703022400
220713022410
220710022375
220716022410
220702022401
220704022401
220711022405
220705022415
220720022401
220670022400
220715022416
220702022375
221023022001
221007022003
221030022013
221041023770
221035022000
221017023777
221040022010
221017022001
221027022007
221011022011
221041023767
221015023774
221020022004
221030022003
221024022021
221037022002
221017023765
221014022007
221031023776
221020022013
221021022005
221037022005
221041023776
221025022011
221013022001
221021022003
221017023777
221030022010
221036023773
221021022001
221042022000
221021022010
221010023767
221027022003
221024022006
221025022013
221040022000
000000020014
221144023001
221144023002
221144023003
221144023004
221144023005
221144023006
221145023000
221146023000
221147023000
221144022777
221144022776
221144022775
221143023000
221142023000
221141023000
221140023000
221137023000
221145023001
221146023002
221147023003
221150023004
221151023005
221152023006
221143023001
221142023002
221141023003
221140023004
221137023005
221136023006
221145022777
221146022776
221147022775
221150022774
221151022773
221152022772
221153022771
221143022777
221142022776
221141022775
221140022774
221137022773
000000020014
220715022652
220716022651
220717022651
220720022651
220721022651
220722022651
220723022651
220724022651
220715022650
220715022647
220715022646
220715022645
220715022644
220715022643
220715022642
220714022651
220713022651
220712022651
220711022651
220710022651
220707022651
220706022651
220716022652
220714022652
220713022653
220712022654
220716022650
220717022647
220720022646
220714022650
220713022647
220712022646
220711022645
220710022644
220707022643
220706022642
220705022641
000000020014
220716023127
220716023130
220716023131
220716023132
220717023126
220720023126
220721023126
220716023125
220716023124
220715023126
220714023126
220713023126
220712023126
220711023126
220710023126
220707023126
220717023127
220720023130
220715023127
220714023130
220713023131
220712023132
220711023133
220710023134
220717023125
220720023124
220721023123
220715023125
220714023124
221476022016
221505022003
221506023767
221503022002
221514022013
221511023777
221516022012
221503022003
221504022003
221511022007
221506022020
221521022003
221471022002
221515022021
221502023777
221503022004
221466022006
221507022016
221520023773
221514022003
221476022002
221520022013
221476022004
221507022012
221470022014
221520023772
221474023777
221477022007
221507022006
221503022024
221517022005
221477023770
221473022012
221511022001
221477022016
221501022010
221516022010
220261023751
220245023763
220233023754
220240023755
220237023751
220250023763
220256023746
220241023754
220262023752
220241023763
220230023742
220246023755
220244023761
220245023765
220260023752
220245023752
220243023737
220261023774
220236023747
220224023755
220233023755
220232023751
220237023763
220245023754
220257023754
220256023764
220243023770
220237023765
220245023752
220246023737
220243023751
220254023762
220251023746
220256023761
220243023752
220244023753
220251023757
011750:
220262023724
220256023731
220270023737
220261023751
220261023750
220271023735
011757:
220352023667
220327023663
220337023645
011763:
221654022403
221657022377
221655022406
221357022760
221343022755
221356022766
221366022763
221353022770
221366022755
221357022756
221357022763
221363022760
221373022773
221357022743
221356022770
221374022755
221353022755
221360022741
221362022762
221371022773
221347022767
221357022750
221356022772
221367022751
221360022761
221366022742
221370022773
221346022746
221353022752
221363022762
221361022756
221400022771
221361022751
221344022746
221366022763
221355022752
221372022753
221364022771
221364022773
221355022757
220010022232
220001022237
220002022236
221776022247
220007022254
221772022237
220001022261
221777022237
220010022226
221767022245
220002022242
220006022244
220012022257
221777022243
221777022241
221764022257
220021022234
221774022223
220002022232
220002022231
221776022236
220010022243
220001022256
220001022255
220011022241
220015022235
220012022244
221777022244
221764022242
221776022253
220007022250
221773022255
220006022242
221777022243
220000022250
220003022244
220014022260
012101:
221112022126
221112022130
221103022114
221115022103
221106022110
221107022107
221103022117
221115022125
220336023001
220344023022
220343023001
220353022770
220332023007
220345023004
220351023006
220355023021
220342023005
220342023003
220327023021
220364022776
220337022764
220345022774
220345022773
220341022777
220353023005
220344023020
220345023017
220354023003
220360022777
220355023006
220343023006
220327023004
220341023015
220352023012
220336023017
220352023004
220343023005
220343023012
220347023006
220357023022
220343022772
220342023016
220360023003
220337023004
220344022767
016316:
000000020015
221135103012
303605003405
206601106401
002202302002
302010002210
201015101215
207600107400
105005205205
000616300416
103210203010
200601100401
307214007014
302401002601
102006202206
307606007406
300607000407
005610305410
002015302215
204403104603
206411106611
300606400406
000000020015
220672022410
220713022420
220724022375
220720022405
220702022405
220724022416
220702022406
220713022414
220674022416
220724022374
220700022402
220703022412
220713022410
220707022426
220723022407
220703022373
220677022414
220714022403
220703022420
220704022413
220722022413
220724022404
220710022416
220677022407
220704022410
220703022404
220714022416
220721022401
220704022407
220725022405
220704022416
220673022375
220712022410
220707022414
220711022420
220724022405
220710022405
221026023763
221044022020
221021023773
221007022001
221017022001
221016023775
221022022007
221030022000
221042022000
221042022010
221026022014
221022022011
221031023776
221031023763
221027023775
221037022006
221034023772
221042022005
221027023776
221030023777
221035022002
221031022013
221044023777
221015023776
221041022014
221026023773
221026023777
221012022001
221033022011
221044023766
221040023776
221022023776
221043022007
221022023777
221033022005
221014022007
221044023765
000000020014
221144023001
221144023002
221144023003
221145023000
221146023000
221147023000
221150023000
221151023000
221144022777
221144022776
221144022775
221144022774
221144022773
221144022772
221144022771
221143023000
221142023000
221141023000
221140023000
221137023000
221136023000
221145023001
221146023002
221147023003
221150023004
221151023005
221152023006
221143023001
221142023002
221141023003
221140023004
221137023005
221145022777
221146022776
221147022775
221150022774
221151022773
221152022772
221153022771
221154022770
221143022777
221142022776
000000020014
220715022652
220715022653
220716022651
220715022650
220715022647
220715022646
220715022645
220715022644
220715022643
220715022642
220714022651
220713022651
220712022651
220711022651
220710022651
220716022652
220717022653
220720022654
220721022655
220722022656
220723022657
220724022660
220714022652
220713022653
220712022654
220711022655
220710022656
220707022657
220706022660
220705022661
220716022650
220717022647
220720022646
220721022645
220722022644
220723022643
220724022642
220725022641
220714022650
220713022647
220712022646
220711022645
220710022644
000000020014
220716023127
220717023126
220720023126
220721023126
220722023126
220723023126
220724023126
220716023125
220715023126
220714023126
220713023126
220712023126
220711023126
220710023126
220717023127
220720023130
220721023131
220722023132
220723023133
220724023134
220715023127
220714023130
220713023131
220712023132
220717023125
220720023124
220721023123
220722023122
220723023121
220724023120
220715023125
220714023124
220713023123
220712023122
220711023121
220710023120
220707023117
221471022014
221460022005
221465022007
221464022003
221475022014
221503023777
221466022005
221507022004
221466022014
221455023773
221473022007
221471022012
221472022017
221505022003
221472022003
221470023770
221506022025
221463022000
221451022007
221460022006
221457022003
221464022014
221472022005
221504022006
221503022015
221470022021
221464022017
221472022004
221473023770
221470022002
221501022013
221476023777
221503022013
221470022004
221471022004
221476022010
221473022020
220253023752
220262023763
220237023757
220247023741
220247023762
220260023741
220251023752
220256023733
220260023763
220236023737
220244023742
220254023752
220252023746
220270023762
220251023742
220235023736
220256023753
220246023742
220262023743
220255023761
016746:
220326023707
220313023700
220314023700
220321023704
220316023715
220331023700
016755:
220350023006
220335022764
220335022771
220321022773
220342023003
220353022760
220347022770
220331022767
220352023001
220331022771
016770:
221106022107
221121022104
221125022106
221131022121
221116022105
221116022103
221103022121
220375023006
220350022774
220356023004
220356023003
220352023007
220364023015
220355023027
220355023027
220365023013
220371023007
220366023016
220353023016
220340023014
220352023024
220363023021
220347023027
220362023014
220353023015
220354023022
220357023016
220370023031
220354023002
220353023026
220371023013
220350023013
220354022777
220356023020
220366023031
220343023025
220353023007
220353023030
220364023007
220354023020
220362023001
220364023031
220342023005
220350023010
017045:
220412023027
220410023035
220375023036
017756:
200000000001
710740000010
254004777757
710441000000
241000000001
270001000000
253044777757
710740000010
254004777765
710440000001
312040000000
254204777772
710740000010
254004777772
710440000001
321044777756
710600000000
254000000001
702140000000
254200000000
023316:
000215000000
000214023316
000213023317
020100100000
742040000006
700040000006
023325:
777777023323
777777000000
000300000344
000001001512
213400000000
200200000505
254000000701
212400000000
000300000316
000300000326
000000003233
001000001000
200200023324
254000001023
000000002000
000300000302
020000020000
337005011150
474140000000
254000001136
476000024067
332000000274
254000001140
200100000300
303100000454
201100000454
272100024071
254000001142
201100000001
312100000303
476000024067
254000001142
377000024071
254000001354
254000001146
250400000011
250200000005
254000001212
336000000334
254000001264
254000001312
260511010076
000000000314
212454000000
201100003000
202100011233
254000001447
220536060000
001200000004
402000024052
254000000533
201340000055
136340000005
214300000006
254000001502
204500000000
174100023414
147110011144
311100000310
254000001726
254000001524
144140023331
202150010242
254000001554
336000000333
254000023422
214140000003
202150010242
213010010552
254000001554
154140023331
202150010242
254000001554
214400000000
336000000333
254000023433
154140023436
214140000003
202150010242
213010010552
254000001554
144200023331
202210010160
254000001560
336000000333
254000023446
214200000004
202210010160
213010010470
254000001560
154200023331
202210010160
254000001560
336000000333
254000023457
154200023436
214200000004
202210010160
213010010470
254000001560
001777001777
220000022000
777725000007
260500000006
400000002537
200552023634
400000002126
000001000000
000002000000
207550000000
260040002312
200150010552
200210010470
254000002253
144140023331
202150010242
254000002257
336000000333
254000023507
214140000003
202150010242
213010010552
254000002257
154140023331
202150010242
254000002257
336000000333
254000023520
154140023436
214140000003
202150010242
213010010552
254000002257
144200023331
202210010160
254000002263
336000000333
254000023532
214200000004
202210010160
213010010470
254000002263
154200023331
202210010160
254000002263
336000000333
254000023543
154200023436
214200000004
202210010160
213010010470
254000002263
400000002620
330310010076
260510010076
564400000000
144140023560
254000002367
331000000003
254000023561
144140023331
254000002367
144140023560
254000002376
331000000003
254000023567
144140023331
254000002376
301240000000
334240000500
210240000500
254000002412
201400000000
400240000000
254000002412
305240000000
664000000001
620000000001
214240000005
311240023601
254000023602
200240000500
622000000001
210240000005
254000002412
301340000000
334340000500
210340000500
254000002417
400340000000
254000002417
305340000000
664000000001
620000000001
214340000007
311340023601
254000023622
200340000500
622000000001
210340000007
254000002417
000000002427
000000002426
000000002426
000000002427
200100000006
144100000007
254000002472
301100000000
334100000500
210100000500
254000002507
400100000000
254000002507
305100000000
664000000001
620000000001
214100000002
311100023601
254000023651
200100000500
622000000001
210100000002
254000002507
144140023331
202150010242
254000002553
336000000333
254000023665
214140000003
202150010242
213010010552
254000002553
154140023331
202150010242
254000002553
336000000333
254000023676
154140023436
214140000003
202150010242
213010010552
254000002553
144200023331
202210010160
254000002557
336000000333
254000023710
214200000004
202210010160
213010010470
254000002557
154200023331
202210010160
254000002557
336000000333
254000023721
154200023436
214200000004
202210010160
213010010470
254000002557
776000776000
220000102000
144140023331
202150010242
254000002651
336000000333
254000023735
214140000003
202150010242
213010010552
254000002651
154140023331
202150010242
254000002651
336000000333
254000023746
154140023436
214140000003
202150010242
213010010552
254000002651
144200023331
202210010160
254000002655
336000000333
254000023760
214200000004
202210010160
213010010470
254000002655
154200023331
202210010160
254000002655
336000000333
254000023771
154200023436
214200000004
202210010160
213010010470
254000002655
221000103000
221000143000
600000600000
325252325252
125252125252
155414336750
144140023560
254000003537
331000000003
254000024011
144140023331
254000003537
144140023560
254000003546
331000000003
254000024017
144140023331
254000003546
200551767636
600127517033
205300777773
200100004143
254000003677
146100011150
200100000357
000011004303
000011004307
000011004307
000011004303
260040001726
262040000003
256000000003
254000003765
000000020017
000262370613
301460000000
300656000000
173435750651
613104460506
024053:
777356011325
024056:
020100000061
207456463376
000000000113
000000000113
000000000061
002200024125
000000000001
777774000000
777775000000
024071:
000000000017
210470400000
000000020014
212630000000
024076:
173631463146
600000000000
211756236452
566077404020
203424102456
577047773122
600163204023
577045760246
177602767275
000000000010
000000000200
001470363034
000007457516
030162030162
024120:
020100100000
400004020112
302150400016
020112302552
400017020112
303217400137
020112302247
400003020112
303033400002
020112302135
400012020112
303163400047
020112302026
400026020112
303425400007
020112303204
400006020112
303017400006
020112302035
400021020112
302051400035
020112302441
400004020112
303075400010
020112302444
400010020112
302551400035
020112302021
400014020112
303311400015
020113303515
400005020112
303112400061
020112303274
400005020113
302213400013
020112302506
400022020112
302276400016
020112303411
400024020112
302107400012
020113303352
400044020112
302761400033
020112302400
400012020113
302763400005
020112303137
400017020112
303023400024
020112303411
400001020112
302724400034
020112302502
400044020113
303201400030
020112302270
400002020112
303147400000
020113302755
400016020112
302703400137
020113302206
400012020112
303577400003
020113303325
400014020112
302107400016
020112302171
400014020112
302502400006
020112302072
400035020113
302566400023
020112302005
400040020112
303670400004
020112302166
400041020112
303155400007
020112303332
400030020112
303335400007
020112302363
400026020112
302156400011
020112302062
400101020112
302452400034
020112302604
400001020112
302436400001
020112303546
400023020112
303516400025
020112303541
400006020112
303732400005
020112302736
400001020113
303503400015
020112303505
400015020112
303371400036
020112302142
400054020113
302247400001
020112302326
400017020112
302333400002
020112302333
400016020112
303522400024
020113302746
400104020113
303664400026
020112303213
400006020112
303272400013
020112303020
400010020116
303303400010
020112303655
400011020112
303637400011
020113303353
400034020112
303610400005
020112303624
400027020112
302734400010
020112303674
400006020112
303242400054
020112303002
400005020113
303101400032
020112302217
400000020112
302145400027
020112303742
400056020113
302035400020
020113302614
400001020113
303467400014
020112302015
400015020112
302571400010
020112303523
400022020113
302034400003
020112303134
400062020112
303632400004
020112302621
400003020112
303720400102
020112302502
400043020112
302262400027
020112303755
400001020112
302052400007
020112302463
400013020113
302675400001
020112303762
400001020112
303113400056
020112302037
400022020112
303730400013
020113303330
400001020112
303305400014
020112303070
400025020112
303035400006
020112303102
400000020112
303574400002
020112303142
400000020112
302653400012
020113302441
400074020113
303076400037
020112302023
400012020112
302333400023
020112302510
400003020113
302242400011
020115303437
400062020112
303137400001
020112302615
400043020112
302335400001
020112302041
400024020112
302767400010
020113303511
400040020113
302234400025
020112303444
400054020112
303330400025
020112303352
400035020112
302416400110
020113302423
400025020112
303411400012
020112302033
400001020112
303061400000
020113303755
400003020112
302212400021
020112302505
400007020112
302140400002
020112303504
400017020112
302074400004
020112303670
400003020112
303034400026
020113302632
400027020113
302661400016
020112302440
400002020112
302112400033
020112302052
400003020112
302057400010
020113302102
400004020112
302402400031
020113302003
400013020112
302301400004
020112303553
400025020112
302211400007
020112303743
400006020112
303154400010
020113302670
400001020112
303643400017
020112303256
400000020113
303545400015
020113303230
400015020112
303706400005
020112302107
400043020112
303366400001
020112302266
400007020112
302442400141
020113302462
400035020112
302105400061
020112303070
400042020112
302645400035
020112303673
400010020113
302233400030
020112303064
400004020112
303613400017
020112302610
400010020112
303501400002
020112303576
400112020112
302726400056
020112303575
400007020112
302331400017
020116303677
400002020112
302601400022
020112302440
400002020112
303101400075
020112303055
400046020113
303655400036
020112303562
400014020112
303630400111
020113302775
400003020112
303136400015
020112302574
400033020112
302237400014
020116302415
400047020112
302153400056
020112303632
400001020112
302615400054
020113303405
400022020112
303630400023
020113303131
400010020112
302462400107
020112303364
400001020113
302752400016
020112302525
400051020112
302233400015
020113302224
400063020112
303641400005
020112302774
400027020113
302174400041
020113302011
400033020112
303322400031
020112303242
400073020112
303064400010
020115303527
400007020112
303730400014
020112303240
400005020112
302152400055
020112302771
400001020112
302454400103
020112302171
400007020112
303373400017
020112303225
400012020112
302273400017
020112302670
400017020113
303553400001
020113303736
400014020112
302004400047
020112303262
400020020112
303726400002
020112302723
400012020112
302153400072
020113302232
400142020112
303336400015
020112302774
400027020112
302213400046
020113303716
400001020112
303706400061
020112302361
400017020116
303432400002
020112303002
400001020112
303356400004
020113303610
400011020112
302341400036
020112303301
400057020112
302270400076
020112303353
400002020112
302303400004
020112302757
400011020112
303163400044
020112302756
400020020112
302712400010
020115302504
400050020112
302457400004
020112302370
400041020112
303075400134
020112303426
400020020113
303217400050
020112303214
400010020112
302323400001
020113303231
400016020112
303644400002
020112302543
400004020112
303124400003
020112303760
400002020112
302234400025
020112303123
400006020112
303211400103
020112302655
400066020112
303327400032
020112302337
400013020112
302120400006
020112302702
400045020112
303073400005
020112302746
400005020112
302143400153
020112302453
400016020116
303174400030
020112302010
400040020112
303425400010
020112303317
400006020113
303300400026
020112302122
400025020113
303767400012
020113303573
400040020112
302767400053
020112302237
400006020112
303726400001
020112302642
400044020112
302176400002
020112302067
400012020112
302360400002
020112302066
400001020112
303456400044
020112303070
400013020117
302206400006
020113303447
400010020112
303456400020
020112303342
400005020112
302277400006
020112302142
400007020112
302113400002
020115303566
400032020112
303247400024
020112302540
400005020112
302624400000
020112303715
400032020112
303151400001
020115302150
400050020112
302310400007
020112302561
400025020112
303503400000
020112303557
400031020112
303517400002
020112302253
400024020112
303711400005
020112302416
400002020112
303333400012
020112302671
400022020112
302274400014
020116303247
400010020112
303714400010
020112302044
400021020112
303436400006
020115302442
400003020113
302255400014
020112302000
400032020115
302721400001
020112303566
400011020112
302532400000
020112303134
400001020112
302703400014
020113303737
400002020112
303321400001
020115302742
400004020112
302617400000
020113302567
400002020112
302565400003
020113303340
400001020112
303325400006
020113302150
400007020112
302527400001
020113302767
400003020112
303644400006
020112303205
400010020113
302045400015
020112303104
400000020112
303760400013
020115303216
400001020112
303047400001
020113302706
400001020112
302513400011
020112303116
400006020112
302764400002
020112302031
400007020112
302321400015
020113302541
400021020116
302502400006
020112302326
400001020113
302214400002
020112303076
400003020112
302356400022
020112302465
400003020112
303537400006
020113302610
400027020112
303532400012
020112303747
400000020112
302063400003
020112302530
400007020112
302336400013
020112303043
400017020112
303457400010
020112303343
400002020113
303063400006
020112302577
400014020112
303173400004
020112303306
400004020113
303231400026
020112302661
400031020112
302073400016
020112302265
400001020112
303545400005
020112303427
400007020112
302656400007
020112303341
400000020116
303562400013
020112303514
400010020112
302771400013
020112303553
400013020113
303543400001
020112303545
400000020113
303657400012
020112303511
400002020112
303535400006
020112303622
400001020112
303765400006
020112303607
400007020112
303611400021
020112303535
400020020112
303716400004
020112302515
400003020112
303304400011
020112303314
400011020112
302535400057
020112303760
400005020112
303201400017
020112303425
400012020113
302305400030
020112302665
400054020112
302344400021
020113302431
400046020112
303001400016
020112302013
400006020112
302440400017
020112302604
400002020112
303436400024
020112303325
400015020112
303305400031
020112302010
400006020112
303103400021
020112302456
400013020112
303725400022
020112303667
400063020113
303123400017
020112303301
400020020112
302453400035
020112302030
400042020112
302117400005
020112303334
400001020112
302253400007
020113303077
400026020112
302775400050
020112302232
400031020112
303265400012
020112302335
400047020113
302661400045
020112303276
400076020112
303063400011
020112302024
400043020113
303715400004
020112303074
400002020112
303653400011
020112302410
400013020112
302400400031
020112303304
400004020113
302210400022
020112303160
400072020113
303521400050
020112302471
400112020112
303722400016
020113302413
400041020112
303246400070
020112302731
400031020112
303237400031
020112302401
400111020110
302777400104
020112302451
400034020112
302104400000
020112303676
400010020113
303514400055
020112302560
777177:
400000000000
636043674162
777255:
757367573675
020410204102
020410204102
020410204102
020410204102
020410204102
020410204102
020410204100
777266:
660000000000
777376:
777777777777
000000000020
402000777777
700200635550
265300777471
201200777746
403100777176
250104000001
253100777406
201202777777
326200777404
403600000000
211500000001
205040400000
250140000001
205040400000
205240020600
306600000046
254000777735
721200000000
134100777777
326100777430
712340000040
254000777424
712040000002
265300777473
465100000177
342100777400
340100000007
345100777516
271100000135
321100777521
322100777414
603240770000
136100000005
254000777422
303600000055
267600777462
721200000000
321600777451
542200777447
322600000506
254000777402
563000773777
254000774000
201200777176
402000000040
200140777750
306600000064
200220773777
606600000003
251144777777
265640777601
265300777624
316340000004
254000777462
322140777402
322500777751
334300777663
334100777527
334100777432
336000777777
712140000002
712300000020
254000777475
325106000000
201100000012
254000777473
616105000001
344240777502
265300777471
306005000524
254000777402
201705000604
242700777777
135100777752
200056777254
137040777753
265300777745
267100777742
607040004040
135600000005
326600777706
342100777437
200540777754
205400777750
340400777574
336010777176
332010777177
604000000015
542400777536
316150777176
312050777177
253400777524
321400777541
323500777470
201400777536
332010777177
254000777470
336000000012
403040000003
202150777176
202050777177
201410000001
242400777777
323500777552
412510777254
436510777303
403440000005
602500000004
254000777453
200100777755
201340777747
336002000000
253100777557
202100000004
336002000000
332002000001
253100777562
274200000002
271202000000
202207000000
200340000002
321100777557
200340777756
201200777747
265300777624
255000000007
200204000000
325200777621
334640777524
316200777756
661440400000
265300777624
200340000004
325440777601
325200777442
325600777614
564300000004
270300000004
273320773777
540200000006
241340000001
265300777624
270344000000
253200777614
254015000000
321500777402
265300777624
624500777447
367240777647
354000000011
137040000013
134100000013
306100000037
254000777466
661112777777
302402000000
326100777625
137400000013
322500777626
200140777377
721700000040
254000777640
721340200000
660140002000
477000000002
721203220200
720200004010
721700000006
254000777470
720340001000
254000777647
325112777703
560140777377
720040000001
275051000000
325000777663
322040777667
321040777644
664140002000
340040777400
341040777643
660140010000
344000777645
331000000012
660140000400
721203220300
331000000012
720200003410
201240000200
344100777647
720040000016
312726000000
254000777470
254000777705
720066000000
254000777705
720166000000
254006000000
201100000044
265300777473
302600000053
306600000044
343500777711
306600000047
254020777447
306600000051
211500000005
303600000031
254000777413
242040000003
246000000003
326040777721
303000000007
267200777442
242000000003
202000777377
201440000100
265300777637
340102777177
367240777647
254000777402
541240777176
205100770000
616240777414
254000777502
607240770000
265300777745
201300777736
134100000005
201102000040
254000777473
777750:
000040000041
344500777730
000116777303
010100000002
000500777254
000623000020
254000000001
